%% Number 1: step size

dat01 = [0.497180	0.533835
0.572368	0.518797
0.549812	0.466165
0.565789	0.601504
0.583647	0.586466
0.594925	0.586466
0.572368	0.518797
0.631579	0.654135
0.661654	0.631579
0.686090	0.646617
0.706767	0.684211
0.709586	0.646617
0.715226	0.661654
0.728383	0.661654
0.708647	0.684211
0.749060	0.684211
0.684211	0.639098
0.755639	0.714286
0.754699	0.714286
0.758459	0.736842
0.755639	0.729323
0.775376	0.744361
0.796992	0.766917
0.803571	0.781955
0.807331	0.781955
0.816729	0.781955
0.818609	0.774436
0.820489	0.789474
0.810150	0.781955
0.829887	0.781955
0.828947	0.789474
0.834586	0.789474
0.745301	0.744361
0.803571	0.766917
0.819549	0.796992
0.845865	0.804511
0.844925	0.804511
0.862782	0.804511
0.854323	0.796992
0.864662	0.819549
0.851504	0.819549
0.812030	0.781955
0.813910	0.774436
0.858083	0.804511
0.872180	0.827068
0.818609	0.789474
0.844925	0.812030
0.829887	0.819549
0.835526	0.796992
0.829887	0.766917
0.838346	0.789474
0.836466	0.796992
0.842105	0.789474
0.844925	0.819549
0.840226	0.819549
0.836466	0.819549
0.848684	0.819549
0.855263	0.812030
0.801692	0.766917
0.832707	0.789474
0.871241	0.827068
0.863722	0.842105
0.864662	0.842105
0.860902	0.842105
0.859962	0.834586
0.873120	0.864662
0.874060	0.857143
0.861842	0.857143
0.880639	0.842105
0.876880	0.827068
0.873120	0.827068
0.875940	0.827068
0.866541	0.857143
0.876880	0.842105
0.872180	0.834586
0.866541	0.849624
0.867481	0.849624
0.890038	0.849624
0.885338	0.864662
0.892857	0.864662
0.894737	0.857143
0.894737	0.864662
0.891917	0.849624
0.885338	0.872180
0.886278	0.879699
0.883459	0.879699
0.886278	0.879699
0.885338	0.879699
0.886278	0.872180
0.886278	0.872180
0.885338	0.864662
0.886278	0.879699
0.899436	0.872180
0.895677	0.879699
0.903195	0.864662
0.898496	0.864662
0.906015	0.879699
0.899436	0.864662
0.904135	0.872180
0.903195	0.887218
0.906015	0.887218
0.900376	0.894737
0.909774	0.894737
0.918233	0.887218
0.915414	0.879699
0.921053	0.909774
0.916353	0.909774
0.916353	0.902256
0.918233	0.902256
0.918233	0.894737
0.920113	0.872180
0.927632	0.894737
0.928571	0.887218
0.925752	0.864662
0.922932	0.872180
0.926692	0.887218
0.923872	0.887218
0.928571	0.902256
0.931391	0.894737
0.933271	0.917293
0.927632	0.902256
0.926692	0.902256
0.921053	0.849624
0.928571	0.894737
0.927632	0.872180
0.926692	0.864662
0.940789	0.909774
0.938910	0.917293
0.930451	0.872180
0.925752	0.864662
0.939850	0.924812
0.941729	0.924812
0.943609	0.909774
0.935150	0.909774
0.941729	0.909774
0.937030	0.909774
0.940789	0.909774
0.938910	0.902256
0.948308	0.917293
0.947368	0.894737
0.947368	0.894737
0.948308	0.909774
0.951128	0.902256
0.947368	0.902256
0.950188	0.909774
0.943609	0.894737
0.928571	0.864662
0.949248	0.902256
0.947368	0.902256
0.950188	0.902256
0.948308	0.902256
0.950188	0.902256
0.947368	0.902256
0.951128	0.917293
0.953947	0.917293
0.957707	0.939850
0.956767	0.932331
0.956767	0.932331
0.957707	0.932331
0.958647	0.924812
0.956767	0.932331
0.957707	0.932331
0.955827	0.924812
0.954887	0.924812
0.954887	0.909774
0.953008	0.902256
0.950188	0.902256
0.955827	0.932331
0.954887	0.924812
0.954887	0.924812
0.954887	0.932331
0.955827	0.932331
0.959586	0.939850
0.959586	0.962406
0.960526	0.939850
0.959586	0.939850
0.959586	0.954887
0.955827	0.947368
0.955827	0.954887
0.958647	0.962406
0.960526	0.962406
0.962406	0.954887
0.962406	0.954887
0.963346	0.962406
0.962406	0.954887
0.962406	0.954887
0.965226	0.954887
0.964286	0.954887
0.962406	0.954887
0.961466	0.954887
0.961466	0.962406
0.964286	0.962406
0.938910	0.872180
0.959586	0.924812
0.958647	0.924812
0.962406	0.932331
0.961466	0.932331
0.967105	0.932331
0.965226	0.932331
0.947368	0.894737
0.946429	0.887218
0.956767	0.887218
0.959586	0.909774
0.967105	0.924812
0.967105	0.924812
0.967105	0.924812
0.970865	0.932331
0.968985	0.939850
0.964286	0.932331
0.964286	0.932331
0.964286	0.932331
0.964286	0.932331
0.965226	0.932331];

dat05 = [0.497180	0.533835
0.570489	0.533835
0.557331	0.488722
0.596805	0.571429
0.596805	0.571429
0.555451	0.571429
0.556391	0.526316
0.628759	0.631579
0.640977	0.601504
0.672932	0.646617
0.682331	0.729323
0.706767	0.654135
0.713346	0.654135
0.731203	0.676692
0.729323	0.669173
0.673872	0.729323
0.705827	0.654135
0.713346	0.729323
0.717105	0.714286
0.721805	0.706767
0.728383	0.699248
0.759398	0.744361
0.757519	0.721805
0.760338	0.721805
0.799812	0.781955
0.777256	0.744361
0.810150	0.796992
0.809211	0.766917
0.791353	0.774436
0.787594	0.744361
0.781955	0.744361
0.811090	0.744361
0.706767	0.669173
0.831767	0.796992
0.833647	0.804511
0.804511	0.804511
0.796992	0.812030
0.844925	0.789474
0.812970	0.744361
0.833647	0.789474
0.833647	0.789474
0.799812	0.721805
0.750940	0.691729
0.786654	0.744361
0.842105	0.774436
0.797932	0.796992
0.797932	0.796992
0.797932	0.796992
0.789474	0.796992
0.796992	0.796992
0.818609	0.804511
0.792293	0.759398
0.807331	0.789474
0.824248	0.804511
0.823308	0.789474
0.794173	0.789474
0.814850	0.804511
0.829887	0.819549
0.799812	0.789474
0.825188	0.781955
0.840226	0.834586
0.842105	0.827068
0.842105	0.827068
0.845865	0.827068
0.843985	0.827068
0.843985	0.804511
0.834586	0.812030
0.807331	0.812030
0.842105	0.819549
0.845865	0.834586
0.845865	0.834586
0.845865	0.834586
0.829887	0.789474
0.851504	0.842105
0.851504	0.842105
0.851504	0.842105
0.853383	0.857143
0.859962	0.872180
0.862782	0.879699
0.860902	0.857143
0.865602	0.857143
0.865602	0.857143
0.868421	0.842105
0.869361	0.872180
0.871241	0.864662
0.871241	0.864662
0.873120	0.872180
0.873120	0.872180
0.879699	0.842105
0.875000	0.864662
0.875000	0.864662
0.881579	0.849624
0.882519	0.857143
0.884398	0.857143
0.883459	0.857143
0.882519	0.872180
0.885338	0.879699
0.885338	0.849624
0.885338	0.857143
0.892857	0.879699
0.893797	0.879699
0.893797	0.879699
0.894737	0.872180
0.878759	0.819549
0.878759	0.819549
0.879699	0.812030
0.878759	0.819549
0.878759	0.819549
0.878759	0.819549
0.878759	0.819549
0.898496	0.812030
0.890038	0.812030
0.911654	0.842105
0.903195	0.819549
0.904135	0.819549
0.904135	0.819549
0.904135	0.819549
0.906955	0.827068
0.901316	0.842105
0.902256	0.842105
0.900376	0.842105
0.900376	0.842105
0.899436	0.827068
0.898496	0.834586
0.899436	0.857143
0.899436	0.857143
0.927632	0.857143
0.926692	0.864662
0.913534	0.864662
0.907895	0.842105
0.930451	0.864662
0.930451	0.864662
0.922932	0.849624
0.929511	0.872180
0.929511	0.872180
0.928571	0.872180
0.920113	0.872180
0.898496	0.842105
0.923872	0.842105
0.915414	0.849624
0.915414	0.849624
0.913534	0.872180
0.913534	0.872180
0.920113	0.872180
0.930451	0.887218
0.930451	0.887218
0.930451	0.887218
0.928571	0.887218
0.930451	0.887218
0.930451	0.887218
0.930451	0.887218
0.926692	0.879699
0.926692	0.879699
0.932331	0.887218
0.932331	0.887218
0.929511	0.924812
0.930451	0.932331
0.930451	0.932331
0.936090	0.917293
0.928571	0.887218
0.945489	0.917293
0.945489	0.909774
0.943609	0.902256
0.943609	0.902256
0.943609	0.902256
0.936090	0.909774
0.936090	0.909774
0.944549	0.902256
0.941729	0.902256
0.941729	0.902256
0.941729	0.902256
0.941729	0.902256
0.934211	0.887218
0.934211	0.887218
0.950188	0.909774
0.950188	0.909774
0.939850	0.924812
0.937030	0.924812
0.937030	0.924812
0.943609	0.917293
0.948308	0.917293
0.953947	0.924812
0.953947	0.924812
0.905075	0.879699
0.905075	0.879699
0.951128	0.917293
0.951128	0.909774
0.957707	0.917293
0.961466	0.932331
0.961466	0.932331
0.956767	0.932331
0.945489	0.924812
0.874060	0.819549
0.886278	0.834586
0.886278	0.834586
0.886278	0.834586
0.921992	0.872180
0.942669	0.917293
0.940789	0.917293
0.937970	0.909774
0.936090	0.902256
0.941729	0.909774
0.948308	0.924812
0.949248	0.924812
0.949248	0.924812
0.949248	0.924812
0.953008	0.924812
0.953008	0.932331
0.956767	0.947368
0.956767	0.947368
0.897556	0.849624
0.897556	0.849624
0.898496	0.849624];

